id,name,symbol,rank,price_usd,price_btc,24h_volume_usd,market_cap_usd,available_supply,total_supply,max_supply,percent_change_1h,percent_change_24h,percent_change_7d,last_updated,price_inr,24h_volume_inr,market_cap_inr
bitcoin,Bitcoin,BTC,1,17614.3,1.0,15235900000.0,294897289528,16741925.0,16741925.0,21000000.0,2.14,7.94,2.56,1513306151,1132363.45838,979464208940.0001220703,18957944092939
bitcoin,Bitcoin,BTC,1,17893.6,1.0,15360500000.0,299573309180,16741925.0,16741925.0,21000000.0,4.01,9.66,4.17,1513306454,1150318.70576,987474319300.0001220703,19258549497931
bitcoin,Bitcoin,BTC,1,17253.5,1.0,15700900000.0,288857010030,16741937.0,16741937.0,21000000.0,-0.76,5.75,0.49,1513307955,1109168.8531,1009357477940.0001220703,18569635060962
bitcoin,Bitcoin,BTC,1,17253.5,1.0,15700900000.0,288857010030,16741937.0,16741937.0,21000000.0,-0.76,5.75,0.49,1513307955,1109168.8531,1009357477940.0001220703,18569635060962
bitcoin,Bitcoin,BTC,1,17253.5,1.0,15700900000.0,288857010030,16741937.0,16741937.0,21000000.0,-0.76,5.75,0.49,1513307955,1109168.8531,1009357477940.0001220703,18569635060962
bitcoin,Bitcoin,BTC,1,17253.5,1.0,15700900000.0,288857010030,16741937.0,16741937.0,21000000.0,-0.76,5.75,0.49,1513307955,1109168.8531,1009357477940.0001220703,18569635060962
bitcoin,Bitcoin,BTC,1,17253.5,1.0,15700900000.0,288857010030,16741937.0,16741937.0,21000000.0,-0.76,5.75,0.49,1513307955,1109168.8531,1009357477940.0001220703,18569635060962
bitcoin,Bitcoin,BTC,1,17421.9,1.0,15646400000.0,291676352220,16741937.0,16741937.0,21000000.0,-0.3,6.76,1.51,1513308255,1119994.71654,1005853858240.0001220703,18750880984646
bitcoin,Bitcoin,BTC,1,17421.9,1.0,15646400000.0,291676352220,16741937.0,16741937.0,21000000.0,-0.3,6.76,1.51,1513308255,1119994.71654,1005853858240.0001220703,18750880984646
bitcoin,Bitcoin,BTC,1,17421.9,1.0,15646400000.0,291676352220,16741937.0,16741937.0,21000000.0,-0.3,6.76,1.51,1513308255,1119994.71654,1005853858240.0001220703,18750880984646
bitcoin,Bitcoin,BTC,1,17421.9,1.0,15646400000.0,291676352220,16741937.0,16741937.0,21000000.0,-0.3,6.76,1.51,1513308255,1119994.71654,1005853858240.0001220703,18750880984646
bitcoin,Bitcoin,BTC,1,17421.9,1.0,15646400000.0,291676352220,16741937.0,16741937.0,21000000.0,-0.3,6.76,1.51,1513308255,1119994.71654,1005853858240.0001220703,18750880984646
bitcoin,Bitcoin,BTC,1,17421.9,1.0,15646400000.0,291676352220,16741937.0,16741937.0,21000000.0,-0.3,6.76,1.51,1513308255,1119994.71654,1005853858240.0001220703,18750880984646
bitcoin,Bitcoin,BTC,1,17421.9,1.0,15646400000.0,291676352220,16741937.0,16741937.0,21000000.0,-0.3,6.76,1.51,1513308255,1119994.71654,1005853858240.0001220703,18750880984646
bitcoin,Bitcoin,BTC,1,17421.9,1.0,15646400000.0,291676352220,16741937.0,16741937.0,21000000.0,-0.3,6.76,1.51,1513308255,1119994.71654,1005853858240.0001220703,18750880984646
bitcoin,Bitcoin,BTC,1,17600.3,1.0,15763700000.0,294663993796,16741987.0,16741987.0,21000000.0,-0.54,7.81,2.67,1513309155,1131463.44598,1013394676420.0001220703,18942946303572
