id,name,symbol,rank,price_usd,price_btc,24h_volume_usd,market_cap_usd,available_supply,total_supply,max_supply,percent_change_1h,percent_change_24h,percent_change_7d,last_updated,price_inr,24h_volume_inr,market_cap_inr
ethereum,Ethereum,ETH,2,627.393,0.0357535,3572810000.0,60446167429.0,96344982.0,96344982.0,,-4.74,-14.35,45.4,1513306155,40332.9628338,229683807346.0000305176,3885878587014
ethereum,Ethereum,ETH,2,623.076,0.0353168,3583720000.0,60030246140.0,96344982.0,96344982.0,,-5.11,-14.96,44.42,1513306455,40055.4375816,230385174152.0000305176,3859140421525
ethereum,Ethereum,ETH,2,654.61,0.0374092,3771960000.0,63069084803.0,96346045.0,96346045.0,,0.95,-10.85,51.71,1513307956,42082.651226,242486483736.0000305176,4054497027113
ethereum,Ethereum,ETH,2,654.61,0.0374092,3771960000.0,63069084803.0,96346045.0,96346045.0,,0.95,-10.85,51.71,1513307956,42082.651226,242486483736.0000305176,4054497027113
ethereum,Ethereum,ETH,2,654.61,0.0374092,3771960000.0,63069084803.0,96346045.0,96346045.0,,0.95,-10.85,51.71,1513307956,42082.651226,242486483736.0000305176,4054497027113
ethereum,Ethereum,ETH,2,654.61,0.0374092,3771960000.0,63069084803.0,96346045.0,96346045.0,,0.95,-10.85,51.71,1513307956,42082.651226,242486483736.0000305176,4054497027113
ethereum,Ethereum,ETH,2,654.61,0.0374092,3771960000.0,63069084803.0,96346045.0,96346045.0,,0.95,-10.85,51.71,1513307956,42082.651226,242486483736.0000305176,4054497027113
ethereum,Ethereum,ETH,2,656.975,0.037863,3784530000.0,63296943201.0,96346045.0,96346045.0,,1.51,-10.6,52.26,1513308253,42234.689035,243294566298.0000305176,4069145268767
ethereum,Ethereum,ETH,2,656.975,0.037863,3784530000.0,63296943201.0,96346045.0,96346045.0,,1.51,-10.6,52.26,1513308253,42234.689035,243294566298.0000305176,4069145268767
ethereum,Ethereum,ETH,2,656.975,0.037863,3784530000.0,63296943201.0,96346045.0,96346045.0,,1.51,-10.6,52.26,1513308253,42234.689035,243294566298.0000305176,4069145268767
ethereum,Ethereum,ETH,2,656.975,0.037863,3784530000.0,63296943201.0,96346045.0,96346045.0,,1.51,-10.6,52.26,1513308253,42234.689035,243294566298.0000305176,4069145268767
ethereum,Ethereum,ETH,2,656.975,0.037863,3784530000.0,63296943201.0,96346045.0,96346045.0,,1.51,-10.6,52.26,1513308253,42234.689035,243294566298.0000305176,4069145268767
ethereum,Ethereum,ETH,2,656.975,0.037863,3784530000.0,63296943201.0,96346045.0,96346045.0,,1.51,-10.6,52.26,1513308253,42234.689035,243294566298.0000305176,4069145268767
ethereum,Ethereum,ETH,2,656.975,0.037863,3784530000.0,63296943201.0,96346045.0,96346045.0,,1.51,-10.6,52.26,1513308253,42234.689035,243294566298.0000305176,4069145268767
ethereum,Ethereum,ETH,2,661.764,0.0381111,3817590000.0,63758344412.0,96346045.0,96346045.0,,3.92,-10.02,53.38,1513308557,42542.5575624,245419881294.0000305176,4098807183896
ethereum,Ethereum,ETH,2,655.187,0.0375342,3804040000.0,63124859514.0,96346325.0,96346325.0,,4.23,-10.98,51.85,1513309157,42119.7445942,244548797864.0000305176,4058082593654
