id,name,symbol,rank,price_usd,price_btc,24h_volume_usd,market_cap_usd,available_supply,total_supply,max_supply,percent_change_1h,percent_change_24h,percent_change_7d,last_updated,price_inr,24h_volume_inr,market_cap_inr
litecoin,Litecoin,LTC,5,254.367,0.0144958,2091080000.0,13814317730.0,54308608.0,54308608.0,84000000.0,-5.87,-17.02,161.21,1513306142,16352.3895822,134428423528.0000152588,888075518187
litecoin,Litecoin,LTC,5,251.224,0.0142397,2079800000.0,13643625775.0,54308608.0,54308608.0,84000000.0,-6.43,-18.04,158.04,1513306442,16150.3367984,133703270680.0000152588,877102312725
litecoin,Litecoin,LTC,5,266.485,0.0152289,2212860000.0,14472502727.0,54308883.0,54308883.0,84000000.0,1.25,-13.13,173.72,1513307942,17131.414601,142257245676.0000305176,930387993814
litecoin,Litecoin,LTC,5,266.485,0.0152289,2212860000.0,14472502727.0,54308883.0,54308883.0,84000000.0,1.25,-13.13,173.72,1513307942,17131.414601,142257245676.0000305176,930387993814
litecoin,Litecoin,LTC,5,266.485,0.0152289,2212860000.0,14472502727.0,54308883.0,54308883.0,84000000.0,1.25,-13.13,173.72,1513307942,17131.414601,142257245676.0000305176,930387993814
litecoin,Litecoin,LTC,5,266.485,0.0152289,2212860000.0,14472502727.0,54308883.0,54308883.0,84000000.0,1.25,-13.13,173.72,1513307942,17131.414601,142257245676.0000305176,930387993814
litecoin,Litecoin,LTC,5,266.485,0.0152289,2212860000.0,14472502727.0,54308883.0,54308883.0,84000000.0,1.25,-13.13,173.72,1513307942,17131.414601,142257245676.0000305176,930387993814
litecoin,Litecoin,LTC,5,266.485,0.0152289,2212860000.0,14472502727.0,54308883.0,54308883.0,84000000.0,1.25,-13.13,173.72,1513307942,17131.414601,142257245676.0000305176,930387993814
litecoin,Litecoin,LTC,5,265.445,0.0152983,2213250000.0,14416021489.0,54308883.0,54308883.0,84000000.0,1.24,-13.48,172.67,1513308241,17064.556537,142282317450.0000305176,926757007028
litecoin,Litecoin,LTC,5,265.445,0.0152983,2213250000.0,14416021489.0,54308883.0,54308883.0,84000000.0,1.24,-13.48,172.67,1513308241,17064.556537,142282317450.0000305176,926757007028
litecoin,Litecoin,LTC,5,265.445,0.0152983,2213250000.0,14416021489.0,54308883.0,54308883.0,84000000.0,1.24,-13.48,172.67,1513308241,17064.556537,142282317450.0000305176,926757007028
litecoin,Litecoin,LTC,5,265.445,0.0152983,2213250000.0,14416021489.0,54308883.0,54308883.0,84000000.0,1.24,-13.48,172.67,1513308241,17064.556537,142282317450.0000305176,926757007028
litecoin,Litecoin,LTC,5,265.445,0.0152983,2213250000.0,14416021489.0,54308883.0,54308883.0,84000000.0,1.24,-13.48,172.67,1513308241,17064.556537,142282317450.0000305176,926757007028
litecoin,Litecoin,LTC,5,267.68,0.0154157,2236850000.0,14537401842.0,54308883.0,54308883.0,84000000.0,3.3,-12.75,174.91,1513308543,17208.237088,143799481210.0000305176,934560137284
litecoin,Litecoin,LTC,5,267.68,0.0154157,2236850000.0,14537401842.0,54308883.0,54308883.0,84000000.0,3.3,-12.75,174.91,1513308543,17208.237088,143799481210.0000305176,934560137284
litecoin,Litecoin,LTC,5,265.747,0.015224,2229920000.0,14432449346.0,54308983.0,54308983.0,84000000.0,3.13,-13.36,172.94,1513309141,17083.9710902,143353975072.0000305176,927813098126
