id,name,symbol,rank,price_usd,price_btc,24h_volume_usd,market_cap_usd,available_supply,total_supply,max_supply,percent_change_1h,percent_change_24h,percent_change_7d,last_updated,price_inr,24h_volume_inr,market_cap_inr
ripple,Ripple,XRP,4,0.677985,0.00003864,5970530000.0,26264559119.0,38739144847.0,99993093880.0,100000000000,-7.42,37.87,178.44,1513306141,43.585350501,383825073898.0000610352,1688459206266
ripple,Ripple,XRP,4,0.667595,0.00003784,5989300000.0,25862059404.0,38739144847.0,99993093880.0,100000000000,-8.58,35.28,174.0,1513306441,42.917412727,385031733380.0000610352,1662583868090
ripple,Ripple,XRP,4,0.755539,0.00004318,6509140000.0,29268934759.0,38739144847.0,99993093880.0,100000000000,4.52,49.94,209.04,1513307942,48.5710334774,418450479524.0000610352,1881600301249
ripple,Ripple,XRP,4,0.755539,0.00004318,6509140000.0,29268934759.0,38739144847.0,99993093880.0,100000000000,4.52,49.94,209.04,1513307942,48.5710334774,418450479524.0000610352,1881600301249
ripple,Ripple,XRP,4,0.755539,0.00004318,6509140000.0,29268934759.0,38739144847.0,99993093880.0,100000000000,4.52,49.94,209.04,1513307942,48.5710334774,418450479524.0000610352,1881600301249
ripple,Ripple,XRP,4,0.755539,0.00004318,6509140000.0,29268934759.0,38739144847.0,99993093880.0,100000000000,4.52,49.94,209.04,1513307942,48.5710334774,418450479524.0000610352,1881600301249
ripple,Ripple,XRP,4,0.755539,0.00004318,6509140000.0,29268934759.0,38739144847.0,99993093880.0,100000000000,4.52,49.94,209.04,1513307942,48.5710334774,418450479524.0000610352,1881600301249
ripple,Ripple,XRP,4,0.760394,0.00004382,6518770000.0,29457013307.0,38739144847.0,99993093880.0,100000000000,6.1,50.5,210.98,1513308241,48.8831449204,419069559482.0000610352,1893691231648
ripple,Ripple,XRP,4,0.760394,0.00004382,6518770000.0,29457013307.0,38739144847.0,99993093880.0,100000000000,6.1,50.5,210.98,1513308241,48.8831449204,419069559482.0000610352,1893691231648
ripple,Ripple,XRP,4,0.760394,0.00004382,6518770000.0,29457013307.0,38739144847.0,99993093880.0,100000000000,6.1,50.5,210.98,1513308241,48.8831449204,419069559482.0000610352,1893691231648
ripple,Ripple,XRP,4,0.760394,0.00004382,6518770000.0,29457013307.0,38739144847.0,99993093880.0,100000000000,6.1,50.5,210.98,1513308241,48.8831449204,419069559482.0000610352,1893691231648
ripple,Ripple,XRP,4,0.760394,0.00004382,6518770000.0,29457013307.0,38739144847.0,99993093880.0,100000000000,6.1,50.5,210.98,1513308241,48.8831449204,419069559482.0000610352,1893691231648
ripple,Ripple,XRP,4,0.766587,0.00004415,6564260000.0,29696924831.0,38739144847.0,99993093880.0,100000000000,8.34,51.45,213.34,1513308541,49.2812718342,421993956916.0000610352,1909114327829
ripple,Ripple,XRP,4,0.760394,0.00004382,6518770000.0,29457013307.0,38739144847.0,99993093880.0,100000000000,6.1,50.5,210.98,1513308241,48.8831449204,419069559482.0000610352,1893691231648
ripple,Ripple,XRP,4,0.766587,0.00004415,6564260000.0,29696924831.0,38739144847.0,99993093880.0,100000000000,8.34,51.45,213.34,1513308541,49.2812718342,421993956916.0000610352,1909114327829
ripple,Ripple,XRP,3,0.757373,0.00004339,6521720000.0,29339982350.0,38739144847.0,99993093880.0,100000000000,9.75,48.12,209.28,1513309141,48.6889351018,419259204952.0000610352,1886167709355
